[Formiga-Simples.jpg]
moddate=a35875b2cf01d101
width=2000
height=400
text=2;166;43;PORTAL DOS CURSOS TÉCNICOS EM INFORMÁTICA;Candara;0.343831,0.116420,0.072222,0.000000;v1,4278190080,4278190080,128.000000,1.000000,0.500000,1.000000,700,2,49152;;127;1;&#010;;Arial Black;0.583500,1.152500,0.061111,0.000000;v1,4278190080,4278190080,128.000000,1.000000,0.500000,1.000000,700,2,49152;;
textactive=1
